0.0453971
0.0455537
0.0599454
0.0650635
0.0705903
0.163189
0.179155
#file           MPIprocs  threadsPerMPI  totalThreads  TG_comp    TG_recomp
RK300.16.out    16        0              0             0.0716073
RK300.32.out    32        0              0             0.0822678
RK300.64.out    64        0              0             0.086655
RK300.128.out   128       0              0             0.0733904
RK300.256.out   256       0              0             0.185949
RK300.512.out   512       0              0             0.193137
RK300.1024.out  1024      0              0             0.0640953
