0.0599427
0.0611709
0.11162
0.204244
0.241137
0.334986
0.367985
#file           MPIprocs  threadsPerMPI  totalThreads  TG_comp   TG_recomp
RK310.16.out    16        0              0             0.197288
RK310.32.out    32        0              0             0.299512
RK310.64.out    64        0              0             0.139356
RK310.128.out   128       0              0             0.37944
RK310.256.out   256       0              0             0.394527
RK310.512.out   512       0              0             1.54986
RK310.1024.out  1024      0              0             1.88104
