0.0398144
0.0402152
0.0476724
0.0511862
0.0523966
0.0623027
0.0645992
#file           MPIprocs  threadsPerMPI  totalThreads  TG_comp    TG_recomp
RK301.16.out    16        0              0             0.123256
RK301.32.out    32        0              0             0.188002
RK301.64.out    64        0              0             0.105988
RK301.128.out   128       0              0             0.108694
RK301.256.out   256       0              0             0.0947077
RK301.512.out   512       0              0             0.0892314
RK301.1024.out  1024      0              0             0.0756996
